115.426264,40.537231|115.948427,41.059394
115.948427,40.537231|116.470589,41.059394
115.687345,40.276150|115.948427,40.537231
115.426264,40.015069|115.687345,40.276150
115.687345,40.015069|115.948427,40.276150
115.948427,40.406691|116.078967,40.537231
116.078967,40.406691|116.209508,40.537231
115.948427,40.276150|116.078967,40.406691
116.078967,40.276150|116.209508,40.406691
116.209508,40.276150|116.470589,40.537231
115.948427,40.145610|116.078967,40.276150
116.078967,40.145610|116.209508,40.276150
115.948427,40.015069|116.078967,40.145610
116.078967,40.015069|116.209508,40.145610
116.209508,40.243515|116.242143,40.276150
116.242143,40.243515|116.274778,40.276150
116.209508,40.210880|116.242143,40.243515
116.242143,40.210880|116.274778,40.243515
116.274778,40.210880|116.340048,40.276150
116.209508,40.145610|116.274778,40.210880
116.274778,40.145610|116.340048,40.210880
116.340048,40.145610|116.470589,40.276150
116.209508,40.080339|116.274778,40.145610
116.274778,40.080339|116.340048,40.145610
116.209508,40.015069|116.274778,40.080339
116.274778,40.047704|116.307413,40.080339
116.307413,40.047704|116.340048,40.080339
116.274778,40.015069|116.307413,40.047704
116.307413,40.015069|116.340048,40.047704
116.340048,40.080339|116.405319,40.145610
116.405319,40.080339|116.470589,40.145610
116.340048,40.047704|116.372684,40.080339
116.372684,40.047704|116.405319,40.080339
116.340048,40.015069|116.372684,40.047704
116.372684,40.015069|116.405319,40.047704
116.405319,40.047704|116.437954,40.080339
116.437954,40.047704|116.470589,40.080339
116.405319,40.015069|116.437954,40.047704
116.437954,40.015069|116.470589,40.047704
116.470589,40.537231|116.992751,41.059394
116.992751,40.537231|117.514914,41.059394
116.470589,40.406691|116.601130,40.537231
116.601130,40.406691|116.731670,40.537231
116.470589,40.276150|116.601130,40.406691
116.601130,40.341421|116.666400,40.406691
116.666400,40.341421|116.731670,40.406691
116.601130,40.308785|116.633765,40.341421
116.633765,40.308785|116.666400,40.341421
116.601130,40.276150|116.633765,40.308785
116.633765,40.276150|116.666400,40.308785
116.666400,40.276150|116.731670,40.341421
116.731670,40.406691|116.862211,40.537231
116.862211,40.406691|116.992751,40.537231
116.731670,40.341421|116.796941,40.406691
116.796941,40.374056|116.829576,40.406691
116.829576,40.374056|116.862211,40.406691
116.796941,40.341421|116.829576,40.374056
116.829576,40.341421|116.862211,40.374056
116.731670,40.276150|116.796941,40.341421
116.796941,40.276150|116.862211,40.341421
116.862211,40.276150|116.992751,40.406691
116.470589,40.145610|116.601130,40.276150
116.601130,40.145610|116.731670,40.276150
116.470589,40.080339|116.535859,40.145610
116.535859,40.080339|116.601130,40.145610
116.470589,40.015069|116.535859,40.080339
116.535859,40.015069|116.601130,40.080339
116.601130,40.112974|116.633765,40.145610
116.633765,40.112974|116.666400,40.145610
116.601130,40.080339|116.633765,40.112974
116.633765,40.080339|116.666400,40.112974
116.666400,40.080339|116.731670,40.145610
116.601130,40.015069|116.666400,40.080339
116.666400,40.015069|116.731670,40.080339
116.731670,40.015069|116.992752,40.276150
116.992751,40.276150|117.253833,40.537231
117.253833,40.276150|117.514914,40.537231
116.992751,40.145610|117.123292,40.276150
117.123292,40.145610|117.253833,40.276150
116.992751,40.015069|117.123292,40.145610
117.123292,40.015069|117.253833,40.145610
117.253833,40.145610|117.384373,40.276150
117.384373,40.145610|117.514914,40.276150
117.253833,40.015069|117.384373,40.145610
115.426264,39.753988|115.687345,40.015069
115.687345,39.753988|115.948427,40.015069
115.426264,39.492906|115.687345,39.753988
115.687345,39.492906|115.948427,39.753988
115.948427,39.884528|116.078967,40.015069
116.078967,39.949799|116.144237,40.015069
116.144237,39.949799|116.209508,40.015069
116.078967,39.917164|116.111602,39.949799
116.111602,39.917164|116.144237,39.949799
116.078967,39.884528|116.111602,39.917164
116.111602,39.884528|116.144237,39.917164
116.144237,39.917164|116.176873,39.949799
116.176873,39.917164|116.209508,39.949799
116.144237,39.884528|116.176873,39.917164
116.176873,39.884528|116.209508,39.917164
115.948427,39.753988|116.078967,39.884528
116.078967,39.819258|116.144237,39.884528
116.144237,39.819258|116.209508,39.884528
116.078967,39.753988|116.144237,39.819258
116.144237,39.753988|116.209508,39.819258
116.209508,39.949799|116.274778,40.015069
116.274778,39.982434|116.307413,40.015069
116.307413,39.998751|116.323731,40.015069
116.323731,39.998751|116.340048,40.015069
116.307413,39.982434|116.323731,39.998751
116.323731,39.982434|116.340048,39.998751
116.274778,39.966116|116.291096,39.982434
116.291096,39.966116|116.307413,39.982434
116.274778,39.949799|116.291096,39.966116
116.291096,39.949799|116.307413,39.966116
116.307413,39.966116|116.323731,39.982434
116.323731,39.966116|116.340048,39.982434
116.307413,39.949799|116.323731,39.966116
116.323731,39.949799|116.340048,39.966116
116.209508,39.917164|116.242143,39.949799
116.242143,39.917164|116.274778,39.949799
116.209508,39.884528|116.242143,39.917164
116.242143,39.900846|116.258460,39.917164
116.258460,39.900846|116.274778,39.917164
116.242143,39.884528|116.258460,39.900846
116.258460,39.884528|116.274778,39.900846
116.274778,39.933481|116.291096,39.949799
116.291096,39.933481|116.307413,39.949799
116.274778,39.917164|116.291096,39.933481
116.291096,39.917164|116.307413,39.933481
116.307413,39.933481|116.323731,39.949799
116.323731,39.933481|116.340048,39.949799
116.307413,39.917164|116.323731,39.933481
116.323731,39.917164|116.340048,39.933481
116.274778,39.900846|116.291096,39.917164
116.291096,39.900846|116.307413,39.917164
116.274778,39.884528|116.291096,39.900846
116.291096,39.884528|116.307413,39.900846
116.307413,39.900846|116.323731,39.917164
116.323731,39.900846|116.340048,39.917164
116.307413,39.884528|116.323731,39.900846
116.323731,39.884528|116.340048,39.900846
116.340048,39.998751|116.356366,40.015069
116.356366,39.998751|116.372684,40.015069
116.340048,39.982434|116.356366,39.998751
116.356366,39.982434|116.372684,39.998751
116.372684,39.982434|116.405319,40.015069
116.340048,39.966116|116.356366,39.982434
116.356366,39.966116|116.372684,39.982434
116.340048,39.949799|116.356366,39.966116
116.356366,39.949799|116.372684,39.966116
116.372684,39.966116|116.389001,39.982434
116.389001,39.966116|116.405319,39.982434
116.372684,39.949799|116.389001,39.966116
116.389001,39.949799|116.405319,39.966116
116.405319,39.998751|116.421636,40.015069
116.421636,39.998751|116.437954,40.015069
116.405319,39.982434|116.421636,39.998751
116.421636,39.982434|116.437954,39.998751
116.437954,39.982434|116.470589,40.015069
116.405319,39.966116|116.421636,39.982434
116.421636,39.966116|116.437954,39.982434
116.405319,39.949799|116.421636,39.966116
116.421636,39.949799|116.437954,39.966116
116.437954,39.966116|116.454271,39.982434
116.454271,39.966116|116.470589,39.982434
116.437954,39.949799|116.454271,39.966116
116.454271,39.949799|116.470589,39.966116
116.340048,39.933481|116.356366,39.949799
116.356366,39.933481|116.372684,39.949799
116.340048,39.917164|116.356366,39.933481
116.356366,39.917164|116.372684,39.933481
116.372684,39.917164|116.405319,39.949799
116.340048,39.900846|116.356366,39.917164
116.356366,39.900846|116.372684,39.917164
116.340048,39.884528|116.356366,39.900846
116.356366,39.884528|116.372684,39.900846
116.372684,39.900846|116.389001,39.917164
116.389001,39.900846|116.405319,39.917164
116.372684,39.884528|116.389001,39.900846
116.389001,39.884528|116.405319,39.900846
116.405319,39.933481|116.421636,39.949799
116.421636,39.933481|116.437954,39.949799
116.405319,39.917164|116.421636,39.933481
116.421636,39.917164|116.437954,39.933481
116.437954,39.933481|116.454271,39.949799
116.454271,39.933481|116.470589,39.949799
116.437954,39.917164|116.454271,39.933481
116.454271,39.917164|116.470589,39.933481
116.405319,39.900846|116.421636,39.917164
116.421636,39.900846|116.437954,39.917164
116.405319,39.884528|116.421636,39.900846
116.421636,39.884528|116.437954,39.900846
116.437954,39.900846|116.454271,39.917164
116.454271,39.900846|116.470589,39.917164
116.437954,39.884528|116.454271,39.900846
116.454271,39.884528|116.470589,39.900846
116.209508,39.851893|116.242143,39.884528
116.242143,39.851893|116.274778,39.884528
116.209508,39.819258|116.242143,39.851893
116.242143,39.819258|116.274778,39.851893
116.274778,39.868211|116.291096,39.884528
116.291096,39.868211|116.307413,39.884528
116.274778,39.851893|116.291096,39.868211
116.291096,39.851893|116.307413,39.868211
116.307413,39.868211|116.323731,39.884528
116.323731,39.868211|116.340048,39.884528
116.307413,39.851893|116.323731,39.868211
116.323731,39.851893|116.340048,39.868211
116.274778,39.835576|116.291096,39.851893
116.291096,39.835576|116.307413,39.851893
116.274778,39.819258|116.291096,39.835576
116.291096,39.819258|116.307413,39.835576
116.307413,39.835576|116.323731,39.851893
116.323731,39.835576|116.340048,39.851893
116.307413,39.819258|116.323731,39.835576
116.323731,39.819258|116.340048,39.835576
116.209508,39.753988|116.274778,39.819258
116.274778,39.786623|116.307413,39.819258
116.307413,39.786623|116.340048,39.819258
116.274778,39.753988|116.307413,39.786623
116.307413,39.753988|116.340048,39.786623
116.340048,39.868211|116.356366,39.884528
116.356366,39.868211|116.372684,39.884528
116.340048,39.851893|116.356366,39.868211
116.356366,39.851893|116.372684,39.868211
116.372684,39.868211|116.389001,39.884528
116.389001,39.868211|116.405319,39.884528
116.372684,39.851893|116.389001,39.868211
116.389001,39.851893|116.405319,39.868211
116.340048,39.819258|116.372684,39.851893
116.372684,39.819258|116.405319,39.851893
116.405319,39.868211|116.421636,39.884528
116.421636,39.868211|116.437954,39.884528
116.405319,39.851893|116.421636,39.868211
116.421636,39.851893|116.437954,39.868211
116.437954,39.868211|116.454271,39.884528
116.454271,39.868211|116.470589,39.884528
116.437954,39.851893|116.454271,39.868211
116.454271,39.851893|116.470589,39.868211
116.405319,39.819258|116.437954,39.851893
116.437954,39.819258|116.470589,39.851893
116.340048,39.753988|116.405319,39.819258
116.405319,39.753988|116.470589,39.819258
115.948427,39.688717|116.013697,39.753988
116.013697,39.688717|116.078967,39.753988
115.948427,39.623447|116.013697,39.688717
116.013697,39.623447|116.078967,39.688717
116.078967,39.688717|116.144237,39.753988
116.144237,39.688717|116.209508,39.753988
116.078967,39.623447|116.144237,39.688717
116.144237,39.623447|116.209508,39.688717
115.948427,39.492906|116.078967,39.623447
116.078967,39.492906|116.209508,39.623447
116.209508,39.688717|116.274778,39.753988
116.274778,39.721353|116.307413,39.753988
116.307413,39.721353|116.340048,39.753988
116.274778,39.688717|116.307413,39.721353
116.307413,39.688717|116.340048,39.721353
116.209508,39.623447|116.274778,39.688717
116.274778,39.623447|116.340048,39.688717
116.340048,39.688717|116.405319,39.753988
116.405319,39.688717|116.470589,39.753988
116.340048,39.623447|116.405319,39.688717
116.405319,39.623447|116.470589,39.688717
116.209508,39.492906|116.340048,39.623447
116.340048,39.492906|116.470589,39.623447
116.209508,39.362366|116.340048,39.492906
116.340048,39.362366|116.470589,39.492906
116.470589,39.982434|116.503224,40.015069
116.503224,39.982434|116.535859,40.015069
116.470589,39.966116|116.486907,39.982434
116.486907,39.966116|116.503224,39.982434
116.470589,39.949799|116.486907,39.966116
116.486907,39.949799|116.503224,39.966116
116.503224,39.949799|116.535859,39.982434
116.535859,39.949799|116.601130,40.015069
116.470589,39.933481|116.486907,39.949799
116.486907,39.933481|116.503224,39.949799
116.470589,39.917164|116.486907,39.933481
116.486907,39.917164|116.503224,39.933481
116.503224,39.917164|116.535859,39.949799
116.470589,39.884528|116.503224,39.917164
116.503224,39.900846|116.519542,39.917164
116.519542,39.900846|116.535859,39.917164
116.503224,39.884528|116.519542,39.900846
116.519542,39.884528|116.535859,39.900846
116.535859,39.917164|116.568494,39.949799
116.568494,39.917164|116.601130,39.949799
116.535859,39.884528|116.568494,39.917164
116.568494,39.884528|116.601130,39.917164
116.601130,39.949799|116.666400,40.015069
116.666400,39.949799|116.731670,40.015069
116.601130,39.917164|116.633765,39.949799
116.633765,39.917164|116.666400,39.949799
116.601130,39.884528|116.633765,39.917164
116.633765,39.900846|116.650082,39.917164
116.650082,39.900846|116.666400,39.917164
116.633765,39.884528|116.650082,39.900846
116.650082,39.884528|116.666400,39.900846
116.666400,39.917164|116.699035,39.949799
116.699035,39.917164|116.731670,39.949799
116.666400,39.884528|116.699035,39.917164
116.699035,39.884528|116.731670,39.917164
116.470589,39.851893|116.503224,39.884528
116.503224,39.851893|116.535859,39.884528
116.470589,39.819258|116.503224,39.851893
116.503224,39.819258|116.535859,39.851893
116.535859,39.819258|116.601130,39.884528
116.470589,39.786623|116.503224,39.819258
116.503224,39.786623|116.535859,39.819258
116.470589,39.753988|116.503224,39.786623
116.503224,39.753988|116.535859,39.786623
116.535859,39.786623|116.568494,39.819258
116.568494,39.786623|116.601130,39.819258
116.535859,39.753988|116.568494,39.786623
116.568494,39.753988|116.601130,39.786623
116.601130,39.819258|116.666400,39.884528
116.666400,39.819258|116.731670,39.884528
116.601130,39.753988|116.666400,39.819258
116.666400,39.753988|116.731670,39.819258
116.731670,39.949799|116.796941,40.015069
116.731670,39.884528|116.796941,39.949799
116.796941,39.884528|116.862211,39.949799
116.731670,39.753988|116.862211,39.884528
116.862211,39.753988|116.992752,39.884528
116.470589,39.623447|116.601130,39.753988
116.601130,39.623447|116.731670,39.753988
116.470589,39.492906|116.601130,39.623447
116.601130,39.558177|116.666400,39.623447
116.666400,39.558177|116.731670,39.623447
116.731670,39.623447|116.862211,39.753988
116.862211,39.623447|116.992751,39.753988
116.731670,39.492906|116.862211,39.623447
115.687345,40.537231|115.948427,40.798313
116.209508,40.798313|116.470589,41.059394
116.078967,40.667772|116.209508,40.798313
115.948427,40.537231|116.078967,40.667772
116.078967,40.537231|116.209508,40.667772
116.209508,40.667772|116.340048,40.798313
116.340048,40.667772|116.470589,40.798313
116.209508,40.537231|116.340048,40.667772
116.340048,40.537231|116.470589,40.667772
115.687345,40.276150|115.948427,40.537231
115.426264,40.015069|115.687345,40.276150
115.687345,40.015069|115.948427,40.276150
115.948427,40.504596|115.981062,40.537231
115.981062,40.504596|116.013697,40.537231
115.948427,40.471961|115.981062,40.504596
115.981062,40.471961|116.013697,40.504596
116.013697,40.504596|116.046332,40.537231
116.046332,40.504596|116.078967,40.537231
116.013697,40.471961|116.046332,40.504596
116.046332,40.471961|116.078967,40.504596
115.948427,40.455644|115.964744,40.471961
115.964744,40.463802|115.972903,40.471961
115.972903,40.463802|115.981062,40.471961
115.964744,40.455644|115.972903,40.463802
115.972903,40.455644|115.981062,40.463802
115.948427,40.439326|115.964744,40.455644
115.964744,40.439326|115.981062,40.455644
115.981062,40.455644|115.997379,40.471961
115.997379,40.455644|116.013697,40.471961
115.981062,40.439326|115.997379,40.455644
115.997379,40.439326|116.013697,40.455644
115.948427,40.406691|115.981062,40.439326
115.981062,40.406691|116.013697,40.439326
116.013697,40.406691|116.078967,40.471961
116.078967,40.504596|116.111602,40.537231
116.111602,40.504596|116.144237,40.537231
116.078967,40.471961|116.111602,40.504596
116.111602,40.471961|116.144237,40.504596
116.144237,40.520914|116.160555,40.537231
116.160555,40.520914|116.176873,40.537231
116.144237,40.504596|116.160555,40.520914
116.160555,40.504596|116.176873,40.520914
116.176873,40.504596|116.209508,40.537231
116.144237,40.471961|116.176873,40.504596
116.176873,40.471961|116.209508,40.504596
116.078967,40.406691|116.144237,40.471961
116.144237,40.406691|116.209508,40.471961
115.948427,40.341421|116.013697,40.406691
116.013697,40.341421|116.078967,40.406691
115.948427,40.276150|116.013697,40.341421
116.013697,40.276150|116.078967,40.341421
116.078967,40.276150|116.209508,40.406691
116.209508,40.406691|116.340048,40.537231
116.340048,40.406691|116.470589,40.537231
116.209508,40.276150|116.340048,40.406691
116.340048,40.276150|116.470589,40.406691
115.948427,40.145610|116.078967,40.276150
116.078967,40.243515|116.111602,40.276150
116.111602,40.243515|116.144237,40.276150
116.078967,40.210880|116.111602,40.243515
116.111602,40.210880|116.144237,40.243515
116.144237,40.243515|116.176873,40.276150
116.176873,40.243515|116.209508,40.276150
116.144237,40.210880|116.176873,40.243515
116.176873,40.210880|116.209508,40.243515
116.078967,40.145610|116.144237,40.210880
116.144237,40.178245|116.176873,40.210880
116.176873,40.178245|116.209508,40.210880
116.144237,40.145610|116.176873,40.178245
116.176873,40.145610|116.209508,40.178245
115.948427,40.015069|116.078967,40.145610
116.078967,40.112974|116.111602,40.145610
116.111602,40.112974|116.144237,40.145610
116.078967,40.080339|116.111602,40.112974
116.111602,40.080339|116.144237,40.112974
116.144237,40.112974|116.176873,40.145610
116.176873,40.112974|116.209508,40.145610
116.144237,40.080339|116.176873,40.112974
116.176873,40.080339|116.209508,40.112974
116.078967,40.015069|116.144237,40.080339
116.144237,40.047704|116.176873,40.080339
116.176873,40.047704|116.209508,40.080339
116.144237,40.015069|116.176873,40.047704
116.176873,40.015069|116.209508,40.047704
116.209508,40.243515|116.242143,40.276150
116.242143,40.243515|116.274778,40.276150
116.209508,40.227198|116.225825,40.243515
116.225825,40.227198|116.242143,40.243515
116.209508,40.219039|116.217667,40.227198
116.217667,40.219039|116.225825,40.227198
116.209508,40.210880|116.217667,40.219039
116.217667,40.210880|116.225825,40.219039
116.225825,40.219039|116.233984,40.227198
116.233984,40.219039|116.242143,40.227198
116.225825,40.210880|116.233984,40.219039
116.233984,40.210880|116.242143,40.219039
116.242143,40.227198|116.258460,40.243515
116.258460,40.227198|116.274778,40.243515
116.242143,40.210880|116.258460,40.227198
116.258460,40.210880|116.274778,40.227198
116.274778,40.210880|116.340048,40.276150
116.209508,40.194562|116.225825,40.210880
116.225825,40.202721|116.233984,40.210880
116.233984,40.202721|116.242143,40.210880
116.225825,40.194562|116.233984,40.202721
116.233984,40.194562|116.242143,40.202721
116.209508,40.178245|116.225825,40.194562
116.225825,40.178245|116.242143,40.194562
116.242143,40.194562|116.258460,40.210880
116.258460,40.194562|116.274778,40.210880
116.242143,40.178245|116.258460,40.194562
116.258460,40.178245|116.274778,40.194562
116.209508,40.145610|116.242143,40.178245
116.242143,40.161927|116.258460,40.178245
116.258460,40.161927|116.274778,40.178245
116.242143,40.145610|116.258460,40.161927
116.258460,40.145610|116.274778,40.161927
116.274778,40.178245|116.307413,40.210880
116.307413,40.178245|116.340048,40.210880
116.274778,40.161927|116.291096,40.178245
116.291096,40.161927|116.307413,40.178245
116.274778,40.145610|116.291096,40.161927
116.291096,40.145610|116.307413,40.161927
116.307413,40.145610|116.340048,40.178245
116.340048,40.210880|116.405319,40.276150
116.405319,40.210880|116.470589,40.276150
116.340048,40.178245|116.372684,40.210880
116.372684,40.178245|116.405319,40.210880
116.340048,40.145610|116.372684,40.178245
116.372684,40.145610|116.405319,40.178245
116.405319,40.178245|116.437954,40.210880
116.437954,40.178245|116.470589,40.210880
116.405319,40.145610|116.437954,40.178245
116.437954,40.145610|116.470589,40.178245
116.209508,40.112974|116.242143,40.145610
116.242143,40.112974|116.274778,40.145610
116.209508,40.080339|116.242143,40.112974
116.242143,40.080339|116.274778,40.112974
116.274778,40.112974|116.307413,40.145610
116.307413,40.112974|116.340048,40.145610
116.274778,40.096657|116.291096,40.112974
116.291096,40.096657|116.307413,40.112974
116.274778,40.080339|116.291096,40.096657
116.291096,40.080339|116.307413,40.096657
116.307413,40.096657|116.323731,40.112974
116.323731,40.096657|116.340048,40.112974
116.307413,40.080339|116.323731,40.096657
116.323731,40.080339|116.340048,40.096657
116.209508,40.064022|116.225825,40.080339
116.225825,40.064022|116.242143,40.080339
116.209508,40.047704|116.225825,40.064022
116.225825,40.047704|116.242143,40.064022
116.242143,40.064022|116.258460,40.080339
116.258460,40.064022|116.274778,40.080339
116.242143,40.047704|116.258460,40.064022
116.258460,40.047704|116.274778,40.064022
116.209508,40.015069|116.242143,40.047704
116.242143,40.031387|116.258460,40.047704
116.258460,40.031387|116.274778,40.047704
116.242143,40.015069|116.258460,40.031387
116.258460,40.015069|116.274778,40.031387
116.274778,40.064022|116.291096,40.080339
116.291096,40.064022|116.307413,40.080339
116.274778,40.047704|116.291096,40.064022
116.291096,40.047704|116.307413,40.064022
116.307413,40.072181|116.315572,40.080339
116.315572,40.072181|116.323731,40.080339
116.307413,40.064022|116.315572,40.072181
116.315572,40.064022|116.323731,40.072181
116.323731,40.072181|116.331890,40.080339
116.331890,40.072181|116.340048,40.080339
116.323731,40.064022|116.331890,40.072181
116.331890,40.064022|116.340048,40.072181
116.307413,40.047704|116.323731,40.064022
116.323731,40.055863|116.331890,40.064022
116.331890,40.055863|116.340048,40.064022
116.323731,40.047704|116.331890,40.055863
116.331890,40.047704|116.340048,40.055863
116.274778,40.031387|116.291096,40.047704
116.291096,40.039545|116.299254,40.047704
116.299254,40.039545|116.307413,40.047704
116.291096,40.031387|116.299254,40.039545
116.299254,40.031387|116.307413,40.039545
116.274778,40.023228|116.282937,40.031387
116.282937,40.023228|116.291096,40.031387
116.274778,40.015069|116.282937,40.023228
116.282937,40.015069|116.291096,40.023228
116.291096,40.015069|116.307413,40.031387
116.307413,40.039545|116.315572,40.047704
116.315572,40.039545|116.323731,40.047704
116.307413,40.031387|116.315572,40.039545
116.315572,40.031387|116.323731,40.039545
116.323731,40.039545|116.331890,40.047704
116.331890,40.039545|116.340048,40.047704
116.323731,40.031387|116.331890,40.039545
116.331890,40.031387|116.340048,40.039545
116.307413,40.023228|116.315572,40.031387
116.315572,40.023228|116.323731,40.031387
116.307413,40.015069|116.315572,40.023228
116.315572,40.015069|116.323731,40.023228
116.323731,40.023228|116.331890,40.031387
116.331890,40.023228|116.340048,40.031387
116.323731,40.015069|116.331890,40.023228
116.331890,40.015069|116.340048,40.023228
116.340048,40.112974|116.372684,40.145610
116.372684,40.112974|116.405319,40.145610
116.340048,40.096657|116.356366,40.112974
116.356366,40.096657|116.372684,40.112974
116.340048,40.080339|116.356366,40.096657
116.356366,40.080339|116.372684,40.096657
116.372684,40.096657|116.389001,40.112974
116.389001,40.096657|116.405319,40.112974
116.372684,40.080339|116.389001,40.096657
116.389001,40.080339|116.405319,40.096657
116.405319,40.129292|116.421636,40.145610
116.421636,40.129292|116.437954,40.145610
116.405319,40.112974|116.421636,40.129292
116.421636,40.112974|116.437954,40.129292
116.437954,40.112974|116.470589,40.145610
116.405319,40.096657|116.421636,40.112974
116.421636,40.096657|116.437954,40.112974
116.405319,40.080339|116.421636,40.096657
116.421636,40.080339|116.437954,40.096657
116.437954,40.080339|116.470589,40.112974
116.340048,40.064022|116.356366,40.080339
116.356366,40.064022|116.372684,40.080339
116.340048,40.047704|116.356366,40.064022
116.356366,40.047704|116.372684,40.064022
116.372684,40.064022|116.389001,40.080339
116.389001,40.064022|116.405319,40.080339
116.372684,40.047704|116.389001,40.064022
116.389001,40.047704|116.405319,40.064022
116.340048,40.039545|116.348207,40.047704
116.348207,40.039545|116.356366,40.047704
116.340048,40.031387|116.348207,40.039545
116.348207,40.031387|116.356366,40.039545
116.356366,40.031387|116.372684,40.047704
116.340048,40.015069|116.356366,40.031387
116.356366,40.015069|116.372684,40.031387
116.372684,40.015069|116.405319,40.047704
116.405319,40.072181|116.413477,40.080339
116.413477,40.072181|116.421636,40.080339
116.405319,40.064022|116.413477,40.072181
116.413477,40.064022|116.421636,40.072181
116.421636,40.064022|116.437954,40.080339
116.405319,40.055863|116.413477,40.064022
116.413477,40.055863|116.421636,40.064022
116.405319,40.047704|116.413477,40.055863
116.413477,40.047704|116.421636,40.055863
116.421636,40.047704|116.437954,40.064022
116.437954,40.047704|116.470589,40.080339
116.405319,40.039545|116.413477,40.047704
116.413477,40.039545|116.421636,40.047704
116.405319,40.031387|116.413477,40.039545
116.413477,40.031387|116.421636,40.039545
116.421636,40.031387|116.437954,40.047704
116.405319,40.015069|116.421636,40.031387
116.421636,40.015069|116.437954,40.031387
116.437954,40.031387|116.454271,40.047704
116.454271,40.031387|116.470589,40.047704
116.437954,40.015069|116.454271,40.031387
116.454271,40.015069|116.470589,40.031387
116.470589,40.798313|116.731670,41.059394
116.731670,40.798313|116.992752,41.059394
116.470589,40.667772|116.601130,40.798313
116.601130,40.667772|116.731670,40.798313
116.470589,40.537231|116.601130,40.667772
116.601130,40.537231|116.731670,40.667772
116.731670,40.667772|116.862211,40.798313
116.862211,40.667772|116.992751,40.798313
116.731670,40.537231|116.862211,40.667772
116.862211,40.537231|116.992751,40.667772
116.992751,40.667772|117.123292,40.798313
117.123292,40.667772|117.253833,40.798313
116.992751,40.537231|117.123292,40.667772
117.123292,40.602502|117.188562,40.667772
117.188562,40.602502|117.253833,40.667772
117.123292,40.537231|117.188562,40.602502
117.188562,40.537231|117.253833,40.602502
117.253833,40.667772|117.384373,40.798313
117.384373,40.667772|117.514914,40.798313
117.253833,40.635137|117.286468,40.667772
117.286468,40.635137|117.319103,40.667772
117.253833,40.602502|117.286468,40.635137
117.286468,40.602502|117.319103,40.635137
117.319103,40.602502|117.384373,40.667772
117.253833,40.537231|117.319103,40.602502
117.319103,40.537231|117.384373,40.602502
117.384373,40.537231|117.514914,40.667772
116.470589,40.406691|116.601130,40.537231
116.601130,40.471961|116.666400,40.537231
116.666400,40.471961|116.731670,40.537231
116.601130,40.406691|116.666400,40.471961
116.666400,40.406691|116.731670,40.471961
116.470589,40.341421|116.535859,40.406691
116.535859,40.341421|116.601130,40.406691
116.470589,40.276150|116.535859,40.341421
116.535859,40.276150|116.601130,40.341421
116.601130,40.374056|116.633765,40.406691
116.633765,40.374056|116.666400,40.406691
116.601130,40.341421|116.633765,40.374056
116.633765,40.341421|116.666400,40.374056
116.666400,40.374056|116.699035,40.406691
116.699035,40.374056|116.731670,40.406691
116.666400,40.357738|116.682718,40.374056
116.682718,40.357738|116.699035,40.374056
116.666400,40.341421|116.682718,40.357738
116.682718,40.341421|116.699035,40.357738
116.699035,40.341421|116.731670,40.374056
116.601130,40.325103|116.617447,40.341421
116.617447,40.325103|116.633765,40.341421
116.601130,40.308785|116.617447,40.325103
116.617447,40.316944|116.625606,40.325103
116.625606,40.316944|116.633765,40.325103
116.617447,40.308785|116.625606,40.316944
116.625606,40.308785|116.633765,40.316944
116.633765,40.333262|116.641924,40.341421
116.641924,40.333262|116.650082,40.341421
116.633765,40.325103|116.641924,40.333262
116.641924,40.325103|116.650082,40.333262
116.650082,40.325103|116.666400,40.341421
116.633765,40.316944|116.641924,40.325103
116.641924,40.316944|116.650082,40.325103
116.633765,40.308785|116.641924,40.316944
116.641924,40.308785|116.650082,40.316944
116.650082,40.308785|116.666400,40.325103
116.601130,40.276150|116.633765,40.308785
116.633765,40.292468|116.650082,40.308785
116.650082,40.292468|116.666400,40.308785
116.633765,40.276150|116.650082,40.292468
116.650082,40.276150|116.666400,40.292468
116.666400,40.308785|116.699035,40.341421
116.699035,40.308785|116.731670,40.341421
116.666400,40.276150|116.699035,40.308785
116.699035,40.276150|116.731670,40.308785
116.731670,40.471961|116.796941,40.537231
116.796941,40.471961|116.862211,40.537231
116.731670,40.406691|116.796941,40.471961
116.796941,40.439326|116.829576,40.471961
116.829576,40.439326|116.862211,40.471961
116.796941,40.406691|116.829576,40.439326
116.829576,40.406691|116.862211,40.439326
116.862211,40.406691|116.992751,40.537231
116.731670,40.374056|116.764305,40.406691
116.764305,40.374056|116.796941,40.406691
116.731670,40.341421|116.764305,40.374056
116.764305,40.341421|116.796941,40.374056
116.796941,40.374056|116.829576,40.406691
116.829576,40.390373|116.845893,40.406691
116.845893,40.390373|116.862211,40.406691
116.829576,40.374056|116.845893,40.390373
116.845893,40.382215|116.854052,40.390373
116.854052,40.382215|116.862211,40.390373
116.845893,40.374056|116.854052,40.382215
116.854052,40.374056|116.862211,40.382215
116.796941,40.357738|116.813258,40.374056
116.813258,40.357738|116.829576,40.374056
116.796941,40.341421|116.813258,40.357738
116.813258,40.341421|116.829576,40.357738
116.829576,40.365897|116.837735,40.374056
116.837735,40.365897|116.845893,40.374056
116.829576,40.357738|116.837735,40.365897
116.837735,40.357738|116.845893,40.365897
116.845893,40.357738|116.862211,40.374056
116.829576,40.341421|116.845893,40.357738
116.845893,40.341421|116.862211,40.357738
116.731670,40.276150|116.796941,40.341421
116.796941,40.276150|116.862211,40.341421
116.862211,40.390373|116.878528,40.406691
116.878528,40.390373|116.894846,40.406691
116.862211,40.374056|116.878528,40.390373
116.878528,40.374056|116.894846,40.390373
116.894846,40.374056|116.927481,40.406691
116.862211,40.341421|116.894846,40.374056
116.894846,40.341421|116.927481,40.374056
116.927481,40.341421|116.992751,40.406691
116.862211,40.276150|116.927481,40.341421
116.927481,40.276150|116.992751,40.341421
116.470589,40.210880|116.535859,40.276150
116.535859,40.210880|116.601130,40.276150
116.470589,40.178245|116.503224,40.210880
116.503224,40.178245|116.535859,40.210880
116.470589,40.145610|116.503224,40.178245
116.503224,40.145610|116.535859,40.178245
116.535859,40.178245|116.568494,40.210880
116.568494,40.178245|116.601130,40.210880
116.535859,40.145610|116.568494,40.178245
116.568494,40.145610|116.601130,40.178245
116.601130,40.243515|116.633765,40.276150
116.633765,40.243515|116.666400,40.276150
116.601130,40.210880|116.633765,40.243515
116.633765,40.210880|116.666400,40.243515
116.666400,40.210880|116.731670,40.276150
116.601130,40.178245|116.633765,40.210880
116.633765,40.194562|116.650082,40.210880
116.650082,40.194562|116.666400,40.210880
116.633765,40.178245|116.650082,40.194562
116.650082,40.178245|116.666400,40.194562
116.601130,40.145610|116.633765,40.178245
116.633765,40.161927|116.650082,40.178245
116.650082,40.161927|116.666400,40.178245
116.633765,40.145610|116.650082,40.161927
116.650082,40.145610|116.666400,40.161927
116.666400,40.145610|116.731670,40.210880
116.470589,40.112974|116.503224,40.145610
116.503224,40.112974|116.535859,40.145610
116.470589,40.080339|116.503224,40.112974
116.503224,40.096657|116.519542,40.112974
116.519542,40.096657|116.535859,40.112974
116.503224,40.080339|116.519542,40.096657
116.519542,40.080339|116.535859,40.096657
116.535859,40.112974|116.568494,40.145610
116.568494,40.112974|116.601130,40.145610
116.535859,40.096657|116.552177,40.112974
116.552177,40.096657|116.568494,40.112974
116.535859,40.092577|116.539939,40.096657
116.539939,40.092577|116.544018,40.096657
116.535859,40.088498|116.539939,40.092577
116.539939,40.088498|116.544018,40.092577
116.544018,40.088498|116.552177,40.096657
116.535859,40.080339|116.544018,40.088498
116.544018,40.080339|116.552177,40.088498
116.552177,40.080339|116.568494,40.096657
116.568494,40.080339|116.601130,40.112974
116.470589,40.047704|116.503224,40.080339
116.503224,40.047704|116.535859,40.080339
116.470589,40.015069|116.503224,40.047704
116.503224,40.031387|116.519542,40.047704
116.519542,40.031387|116.535859,40.047704
116.503224,40.015069|116.519542,40.031387
116.519542,40.015069|116.535859,40.031387
116.535859,40.064022|116.552177,40.080339
116.552177,40.064022|116.568494,40.080339
116.535859,40.047704|116.552177,40.064022
116.552177,40.047704|116.568494,40.064022
116.568494,40.047704|116.601130,40.080339
116.535859,40.031387|116.552177,40.047704
116.552177,40.031387|116.568494,40.047704
116.535859,40.015069|116.552177,40.031387
116.552177,40.015069|116.568494,40.031387
116.568494,40.015069|116.601130,40.047704
116.601130,40.129292|116.617447,40.145610
116.617447,40.129292|116.633765,40.145610
116.601130,40.112974|116.617447,40.129292
116.617447,40.112974|116.633765,40.129292
116.633765,40.129292|116.650082,40.145610
116.650082,40.129292|116.666400,40.145610
116.633765,40.112974|116.650082,40.129292
116.650082,40.121133|116.658241,40.129292
116.658241,40.121133|116.666400,40.129292
116.650082,40.112974|116.658241,40.121133
116.658241,40.112974|116.666400,40.121133
116.601130,40.080339|116.633765,40.112974
116.633765,40.096657|116.650082,40.112974
116.650082,40.096657|116.666400,40.112974
116.633765,40.080339|116.650082,40.096657
116.650082,40.080339|116.666400,40.096657
116.666400,40.129292|116.682718,40.145610
116.682718,40.129292|116.699035,40.145610
116.666400,40.112974|116.682718,40.129292
116.682718,40.112974|116.699035,40.129292
116.699035,40.112974|116.731670,40.145610
116.666400,40.080339|116.699035,40.112974
116.699035,40.080339|116.731670,40.112974
116.601130,40.064022|116.617447,40.080339
116.617447,40.064022|116.633765,40.080339
116.601130,40.055863|116.609288,40.064022
116.609288,40.055863|116.617447,40.064022
116.601130,40.047704|116.609288,40.055863
116.609288,40.047704|116.617447,40.055863
116.617447,40.047704|116.633765,40.064022
116.633765,40.047704|116.666400,40.080339
116.601130,40.015069|116.633765,40.047704
116.633765,40.015069|116.666400,40.047704
116.666400,40.047704|116.699035,40.080339
116.699035,40.047704|116.731670,40.080339
116.666400,40.015069|116.699035,40.047704
116.699035,40.015069|116.731670,40.047704
116.731670,40.210880|116.796941,40.276150
116.796941,40.210880|116.862211,40.276150
116.731670,40.145610|116.796941,40.210880
116.796941,40.178245|116.829576,40.210880
116.829576,40.178245|116.862211,40.210880
116.796941,40.145610|116.829576,40.178245
116.829576,40.145610|116.862211,40.178245
116.862211,40.210880|116.927481,40.276150
116.927481,40.210880|116.992752,40.276150
116.862211,40.145610|116.927481,40.210880
116.927481,40.145610|116.992752,40.210880
116.731670,40.112974|116.764305,40.145610
116.764305,40.112974|116.796941,40.145610
116.731670,40.080339|116.764305,40.112974
116.764305,40.080339|116.796941,40.112974
116.796941,40.080339|116.862211,40.145610
116.731670,40.015069|116.796941,40.080339
116.796941,40.047704|116.829576,40.080339
116.829576,40.047704|116.862211,40.080339
116.796941,40.015069|116.829576,40.047704
116.829576,40.015069|116.862211,40.047704
116.862211,40.080339|116.927481,40.145610
116.927481,40.080339|116.992752,40.145610
116.862211,40.015069|116.927481,40.080339
116.927481,40.015069|116.992752,40.080339
116.992751,40.015069|117.514914,40.537231
115.426264,39.884528|115.556805,40.015069
115.556805,39.884528|115.687345,40.015069
115.426264,39.753988|115.556805,39.884528
115.556805,39.753988|115.687345,39.884528
115.687345,39.884528|115.817886,40.015069
115.817886,39.884528|115.948427,40.015069
115.687345,39.753988|115.817886,39.884528
115.817886,39.753988|115.948427,39.884528
115.426264,39.623447|115.556805,39.753988
115.556805,39.688717|115.622075,39.753988
115.622075,39.688717|115.687345,39.753988
115.556805,39.656082|115.589440,39.688717
115.589440,39.656082|115.622075,39.688717
115.556805,39.623447|115.589440,39.656082
115.589440,39.623447|115.622075,39.656082
115.622075,39.623447|115.687345,39.688717
115.426264,39.492906|115.556805,39.623447
115.556805,39.492906|115.687345,39.623447
115.687345,39.623447|115.817886,39.753988
115.817886,39.688717|115.883156,39.753988
115.883156,39.688717|115.948427,39.753988
115.817886,39.623447|115.883156,39.688717
115.883156,39.623447|115.948427,39.688717
115.687345,39.558177|115.752616,39.623447
115.752616,39.558177|115.817886,39.623447
115.687345,39.492906|115.752616,39.558177
115.752616,39.492906|115.817886,39.558177
115.817886,39.558177|115.883156,39.623447
115.883156,39.558177|115.948427,39.623447
115.817886,39.492906|115.883156,39.558177
115.948427,39.949799|116.013697,40.015069
116.013697,39.949799|116.078967,40.015069
115.948427,39.884528|116.013697,39.949799
116.013697,39.884528|116.078967,39.949799
116.078967,39.982434|116.111602,40.015069
116.111602,39.982434|116.144237,40.015069
116.078967,39.949799|116.111602,39.982434
116.111602,39.949799|116.144237,39.982434
116.144237,39.982434|116.176873,40.015069
116.176873,39.982434|116.209508,40.015069
116.144237,39.949799|116.176873,39.982434
116.176873,39.949799|116.209508,39.982434
116.078967,39.933481|116.095285,39.949799
116.095285,39.941640|116.103443,39.949799
116.103443,39.941640|116.111602,39.949799
116.095285,39.933481|116.103443,39.941640
116.103443,39.933481|116.111602,39.941640
116.078967,39.917164|116.095285,39.933481
116.095285,39.917164|116.111602,39.933481
116.111602,39.933481|116.127920,39.949799
116.127920,39.933481|116.144237,39.949799
116.111602,39.917164|116.127920,39.933481
116.127920,39.917164|116.144237,39.933481
116.078967,39.900846|116.095285,39.917164
116.095285,39.900846|116.111602,39.917164
116.078967,39.884528|116.095285,39.900846
116.095285,39.884528|116.111602,39.900846
116.111602,39.900846|116.127920,39.917164
116.127920,39.900846|116.144237,39.917164
116.111602,39.884528|116.127920,39.900846
116.127920,39.884528|116.144237,39.900846
116.144237,39.933481|116.160555,39.949799
116.160555,39.933481|116.176873,39.949799
116.144237,39.917164|116.160555,39.933481
116.160555,39.925322|116.168714,39.933481
116.168714,39.925322|116.176873,39.933481
116.160555,39.917164|116.168714,39.925322
116.168714,39.917164|116.176873,39.925322
116.176873,39.933481|116.193190,39.949799
116.193190,39.933481|116.209508,39.949799
116.176873,39.925322|116.185031,39.933481
116.185031,39.925322|116.193190,39.933481
116.176873,39.917164|116.185031,39.925322
116.185031,39.917164|116.193190,39.925322
116.193190,39.925322|116.201349,39.933481
116.201349,39.925322|116.209508,39.933481
116.193190,39.917164|116.201349,39.925322
116.201349,39.917164|116.209508,39.925322
116.144237,39.884528|116.176873,39.917164
116.176873,39.909005|116.185031,39.917164
116.185031,39.909005|116.193190,39.917164
116.176873,39.900846|116.185031,39.909005
116.185031,39.900846|116.193190,39.909005
116.193190,39.909005|116.201349,39.917164
116.201349,39.909005|116.209508,39.917164
116.193190,39.900846|116.201349,39.909005
116.201349,39.900846|116.209508,39.909005
116.176873,39.884528|116.193190,39.900846
116.193190,39.884528|116.209508,39.900846
115.948427,39.819258|116.013697,39.884528
116.013697,39.819258|116.078967,39.884528
115.948427,39.753988|116.013697,39.819258
116.013697,39.753988|116.078967,39.819258
116.078967,39.819258|116.144237,39.884528
116.144237,39.851893|116.176873,39.884528
116.176873,39.851893|116.209508,39.884528
116.144237,39.819258|116.176873,39.851893
116.176873,39.835576|116.193190,39.851893
116.193190,39.835576|116.209508,39.851893
116.176873,39.819258|116.193190,39.835576
116.193190,39.827417|116.201349,39.835576
116.201349,39.827417|116.209508,39.835576
116.193190,39.819258|116.201349,39.827417
116.201349,39.819258|116.209508,39.827417
116.078967,39.786623|116.111602,39.819258
116.111602,39.786623|116.144237,39.819258
116.078967,39.753988|116.111602,39.786623
116.111602,39.753988|116.144237,39.786623
116.144237,39.802940|116.160555,39.819258
116.160555,39.802940|116.176873,39.819258
116.144237,39.786623|116.160555,39.802940
116.160555,39.786623|116.176873,39.802940
116.176873,39.802940|116.193190,39.819258
116.193190,39.802940|116.209508,39.819258
116.176873,39.786623|116.193190,39.802940
116.193190,39.786623|116.209508,39.802940
116.144237,39.770305|116.160555,39.786623
116.160555,39.770305|116.176873,39.786623
116.144237,39.753988|116.160555,39.770305
116.160555,39.753988|116.176873,39.770305
116.176873,39.770305|116.193190,39.786623
116.193190,39.770305|116.209508,39.786623
116.176873,39.753988|116.193190,39.770305
116.193190,39.753988|116.209508,39.770305
116.209508,39.982434|116.242143,40.015069
116.242143,39.982434|116.274778,40.015069
116.209508,39.966116|116.225825,39.982434
116.225825,39.966116|116.242143,39.982434
116.209508,39.949799|116.225825,39.966116
116.225825,39.949799|116.242143,39.966116
116.242143,39.966116|116.258460,39.982434
116.258460,39.966116|116.274778,39.982434
116.242143,39.949799|116.258460,39.966116
116.258460,39.949799|116.274778,39.966116
116.274778,39.998751|116.291096,40.015069
116.291096,39.998751|116.307413,40.015069
116.274778,39.982434|116.291096,39.998751
116.291096,39.990593|116.299254,39.998751
116.299254,39.990593|116.307413,39.998751
116.291096,39.982434|116.299254,39.990593
116.299254,39.982434|116.307413,39.990593
116.307413,39.998751|116.323731,40.015069
116.323731,40.006910|116.331890,40.015069
116.331890,40.006910|116.340048,40.015069
116.323731,39.998751|116.331890,40.006910
116.331890,39.998751|116.340048,40.006910
116.307413,39.990593|116.315572,39.998751
116.315572,39.990593|116.323731,39.998751
116.307413,39.982434|116.315572,39.990593
116.315572,39.982434|116.323731,39.990593
116.323731,39.990593|116.331890,39.998751
116.331890,39.990593|116.340048,39.998751
116.323731,39.982434|116.331890,39.990593
116.331890,39.982434|116.340048,39.990593
116.274778,39.966116|116.291096,39.982434
116.291096,39.974275|116.299254,39.982434
116.299254,39.974275|116.307413,39.982434
116.291096,39.966116|116.299254,39.974275
116.299254,39.966116|116.307413,39.974275
116.274778,39.957957|116.282937,39.966116
116.282937,39.957957|116.291096,39.966116
116.274778,39.949799|116.282937,39.957957
116.282937,39.949799|116.291096,39.957957
116.291096,39.957957|116.299254,39.966116
116.299254,39.957957|116.307413,39.966116
116.291096,39.949799|116.299254,39.957957
116.299254,39.949799|116.307413,39.957957
116.307413,39.974275|116.315572,39.982434
116.315572,39.974275|116.323731,39.982434
116.307413,39.966116|116.315572,39.974275
116.315572,39.966116|116.323731,39.974275
116.323731,39.974275|116.331890,39.982434
116.331890,39.974275|116.340048,39.982434
116.323731,39.970196|116.327810,39.974275
116.327810,39.970196|116.331890,39.974275
116.323731,39.966116|116.327810,39.970196
116.327810,39.966116|116.331890,39.970196
116.331890,39.966116|116.340048,39.974275
116.307413,39.949799|116.323731,39.966116
116.323731,39.957957|116.331890,39.966116
116.331890,39.957957|116.340048,39.966116
116.323731,39.949799|116.331890,39.957957
116.331890,39.949799|116.340048,39.957957
116.209508,39.933481|116.225825,39.949799
116.225825,39.933481|116.242143,39.949799
116.209508,39.917164|116.225825,39.933481
116.225825,39.917164|116.242143,39.933481
116.242143,39.933481|116.258460,39.949799
116.258460,39.933481|116.274778,39.949799
116.242143,39.917164|116.258460,39.933481
116.258460,39.925322|116.266619,39.933481
116.266619,39.925322|116.274778,39.933481
116.258460,39.917164|116.266619,39.925322
116.266619,39.917164|116.274778,39.925322
116.209508,39.909005|116.217667,39.917164
116.217667,39.909005|116.225825,39.917164
116.209508,39.900846|116.217667,39.909005
116.217667,39.900846|116.225825,39.909005
116.225825,39.909005|116.233984,39.917164
116.233984,39.909005|116.242143,39.917164
116.225825,39.904925|116.229905,39.909005
116.229905,39.904925|116.233984,39.909005
116.225825,39.900846|116.229905,39.904925
116.229905,39.900846|116.233984,39.904925
116.233984,39.900846|116.242143,39.909005
116.209508,39.884528|116.225825,39.900846
116.225825,39.884528|116.242143,39.900846
116.242143,39.909005|116.250302,39.917164
116.250302,39.909005|116.258460,39.917164
116.242143,39.900846|116.250302,39.909005
116.250302,39.900846|116.258460,39.909005
116.258460,39.900846|116.274778,39.917164
116.242143,39.884528|116.258460,39.900846
116.258460,39.892687|116.266619,39.900846
116.266619,39.892687|116.274778,39.900846
116.258460,39.884528|116.266619,39.892687
116.266619,39.884528|116.274778,39.892687
116.274778,39.941640|116.282937,39.949799
116.282937,39.941640|116.291096,39.949799
116.274778,39.933481|116.282937,39.941640
116.282937,39.933481|116.291096,39.941640
116.291096,39.941640|116.299254,39.949799
116.299254,39.941640|116.307413,39.949799
116.291096,39.933481|116.299254,39.941640
116.299254,39.933481|116.307413,39.941640
116.274778,39.925322|116.282937,39.933481
116.282937,39.925322|116.291096,39.933481
116.274778,39.917164|116.282937,39.925322
116.282937,39.917164|116.291096,39.925322
116.291096,39.917164|116.307413,39.933481
116.307413,39.941640|116.315572,39.949799
116.315572,39.941640|116.323731,39.949799
116.307413,39.933481|116.315572,39.941640
116.315572,39.933481|116.323731,39.941640
116.323731,39.941640|116.331890,39.949799
116.331890,39.941640|116.340048,39.949799
116.323731,39.933481|116.331890,39.941640
116.331890,39.933481|116.340048,39.941640
116.307413,39.925322|116.315572,39.933481
116.315572,39.925322|116.323731,39.933481
116.307413,39.917164|116.315572,39.925322
116.315572,39.917164|116.323731,39.925322
116.323731,39.925322|116.331890,39.933481
116.331890,39.929402|116.335969,39.933481
116.335969,39.929402|116.340048,39.933481
116.331890,39.925322|116.335969,39.929402
116.335969,39.925322|116.340048,39.929402
116.323731,39.917164|116.331890,39.925322
116.331890,39.917164|116.340048,39.925322
116.274778,39.909005|116.282937,39.917164
116.282937,39.909005|116.291096,39.917164
116.274778,39.906965|116.276818,39.909005
116.276818,39.906965|116.278857,39.909005
116.274778,39.904925|116.276818,39.906965
116.276818,39.904925|116.278857,39.906965
116.278857,39.904925|116.282937,39.909005
116.274778,39.900846|116.278857,39.904925
116.278857,39.900846|116.282937,39.904925
116.282937,39.900846|116.291096,39.909005
116.291096,39.909005|116.299254,39.917164
116.299254,39.913084|116.303334,39.917164
116.303334,39.913084|116.307413,39.917164
116.299254,39.909005|116.303334,39.913084
116.303334,39.909005|116.307413,39.913084
116.291096,39.900846|116.299254,39.909005
116.299254,39.900846|116.307413,39.909005
116.274778,39.892687|116.282937,39.900846
116.282937,39.892687|116.291096,39.900846
116.274778,39.884528|116.282937,39.892687
116.282937,39.884528|116.291096,39.892687
116.291096,39.892687|116.299254,39.900846
116.299254,39.892687|116.307413,39.900846
116.291096,39.884528|116.299254,39.892687
116.299254,39.884528|116.307413,39.892687
116.307413,39.909005|116.315572,39.917164
116.315572,39.909005|116.323731,39.917164
116.307413,39.900846|116.315572,39.909005
116.315572,39.900846|116.323731,39.909005
116.323731,39.909005|116.331890,39.917164
116.331890,39.909005|116.340048,39.917164
116.323731,39.900846|116.331890,39.909005
116.331890,39.900846|116.340048,39.909005
116.307413,39.892687|116.315572,39.900846
116.315572,39.892687|116.323731,39.900846
116.307413,39.884528|116.315572,39.892687
116.315572,39.884528|116.323731,39.892687
116.323731,39.892687|116.331890,39.900846
116.331890,39.892687|116.340048,39.900846
116.323731,39.884528|116.331890,39.892687
116.331890,39.884528|116.340048,39.892687
116.340048,40.006910|116.348207,40.015069
116.348207,40.006910|116.356366,40.015069
116.340048,39.998751|116.348207,40.006910
116.348207,39.998751|116.356366,40.006910
116.356366,40.006910|116.364525,40.015069
116.364525,40.006910|116.372684,40.015069
116.356366,39.998751|116.364525,40.006910
116.364525,39.998751|116.372684,40.006910
116.340048,39.982434|116.356366,39.998751
116.356366,39.982434|116.372684,39.998751
116.372684,40.006910|116.380842,40.015069
116.380842,40.006910|116.389001,40.015069
116.372684,39.998751|116.380842,40.006910
116.380842,39.998751|116.389001,40.006910
116.389001,39.998751|116.405319,40.015069
116.372684,39.990593|116.380842,39.998751
116.380842,39.990593|116.389001,39.998751
116.372684,39.982434|116.380842,39.990593
116.380842,39.982434|116.389001,39.990593
116.389001,39.990593|116.397160,39.998751
116.397160,39.990593|116.405319,39.998751
116.389001,39.982434|116.397160,39.990593
116.397160,39.982434|116.405319,39.990593
116.340048,39.974275|116.348207,39.982434
116.348207,39.980394|116.350247,39.982434
116.350247,39.980394|116.352287,39.982434
116.348207,39.978354|116.350247,39.980394
116.350247,39.978354|116.352287,39.980394
116.352287,39.980394|116.354326,39.982434
116.354326,39.980394|116.356366,39.982434
116.352287,39.978354|116.354326,39.980394
116.354326,39.978354|116.356366,39.980394
116.348207,39.974275|116.352287,39.978354
116.352287,39.974275|116.356366,39.978354
116.340048,39.966116|116.348207,39.974275
116.348207,39.966116|116.356366,39.974275
116.356366,39.974275|116.364525,39.982434
116.364525,39.974275|116.372684,39.982434
116.356366,39.966116|116.364525,39.974275
116.364525,39.966116|116.372684,39.974275
116.340048,39.957957|116.348207,39.966116
116.348207,39.957957|116.356366,39.966116
116.340048,39.949799|116.348207,39.957957
116.348207,39.949799|116.356366,39.957957
116.356366,39.949799|116.372684,39.966116
116.372684,39.974275|116.380842,39.982434
116.380842,39.974275|116.389001,39.982434
116.372684,39.966116|116.380842,39.974275
116.380842,39.966116|116.389001,39.974275
116.389001,39.974275|116.397160,39.982434
116.397160,39.974275|116.405319,39.982434
116.389001,39.966116|116.397160,39.974275
116.397160,39.966116|116.405319,39.974275
116.372684,39.957957|116.380842,39.966116
116.380842,39.957957|116.389001,39.966116
116.372684,39.949799|116.380842,39.957957
116.380842,39.949799|116.389001,39.957957
116.389001,39.957957|116.397160,39.966116
116.397160,39.957957|116.405319,39.966116
116.389001,39.949799|116.397160,39.957957
116.397160,39.949799|116.405319,39.957957
116.405319,40.006910|116.413477,40.015069
116.413477,40.006910|116.421636,40.015069
116.405319,39.998751|116.413477,40.006910
116.413477,39.998751|116.421636,40.006910
116.421636,39.998751|116.437954,40.015069
116.405319,39.990593|116.413477,39.998751
116.413477,39.990593|116.421636,39.998751
116.405319,39.982434|116.413477,39.990593
116.413477,39.982434|116.421636,39.990593
116.421636,39.990593|116.429795,39.998751
116.429795,39.990593|116.437954,39.998751
116.421636,39.982434|116.429795,39.990593
116.429795,39.986513|116.433874,39.990593
116.433874,39.986513|116.437954,39.990593
116.429795,39.982434|116.433874,39.986513
116.433874,39.982434|116.437954,39.986513
116.437954,39.998751|116.454271,40.015069
116.454271,40.006910|116.462430,40.015069
116.462430,40.006910|116.470589,40.015069
116.454271,39.998751|116.462430,40.006910
116.462430,39.998751|116.470589,40.006910
116.437954,39.982434|116.454271,39.998751
116.454271,39.982434|116.470589,39.998751
116.405319,39.974275|116.413477,39.982434
116.413477,39.974275|116.421636,39.982434
116.405319,39.966116|116.413477,39.974275
116.413477,39.966116|116.421636,39.974275
116.421636,39.974275|116.429795,39.982434
116.429795,39.974275|116.437954,39.982434
116.421636,39.966116|116.429795,39.974275
116.429795,39.966116|116.437954,39.974275
116.405319,39.957957|116.413477,39.966116
116.413477,39.957957|116.421636,39.966116
116.405319,39.949799|116.413477,39.957957
116.413477,39.949799|116.421636,39.957957
116.421636,39.957957|116.429795,39.966116
116.429795,39.957957|116.437954,39.966116
116.421636,39.949799|116.429795,39.957957
116.429795,39.949799|116.437954,39.957957
116.437954,39.974275|116.446113,39.982434
116.446113,39.974275|116.454271,39.982434
116.437954,39.966116|116.446113,39.974275
116.446113,39.966116|116.454271,39.974275
116.454271,39.974275|116.462430,39.982434
116.462430,39.974275|116.470589,39.982434
116.454271,39.966116|116.462430,39.974275
116.462430,39.966116|116.470589,39.974275
116.437954,39.957957|116.446113,39.966116
116.446113,39.957957|116.454271,39.966116
116.437954,39.949799|116.446113,39.957957
116.446113,39.949799|116.454271,39.957957
116.454271,39.957957|116.462430,39.966116
116.462430,39.957957|116.470589,39.966116
116.454271,39.949799|116.462430,39.957957
116.462430,39.949799|116.470589,39.957957
116.340048,39.941640|116.348207,39.949799
116.348207,39.941640|116.356366,39.949799
116.340048,39.933481|116.348207,39.941640
116.348207,39.937561|116.352287,39.941640
116.352287,39.937561|116.356366,39.941640
116.348207,39.933481|116.352287,39.937561
116.352287,39.933481|116.356366,39.937561
116.356366,39.941640|116.364525,39.949799
116.364525,39.941640|116.372684,39.949799
116.356366,39.933481|116.364525,39.941640
116.364525,39.933481|116.372684,39.941640
116.340048,39.925322|116.348207,39.933481
116.348207,39.929402|116.352287,39.933481
116.352287,39.929402|116.356366,39.933481
116.348207,39.925322|116.352287,39.929402
116.352287,39.925322|116.356366,39.929402
116.340048,39.917164|116.348207,39.925322
116.348207,39.917164|116.356366,39.925322
116.356366,39.925322|116.364525,39.933481
116.364525,39.925322|116.372684,39.933481
116.356366,39.917164|116.364525,39.925322
116.364525,39.917164|116.372684,39.925322
116.372684,39.941640|116.380842,39.949799
116.380842,39.941640|116.389001,39.949799
116.372684,39.933481|116.380842,39.941640
116.380842,39.933481|116.389001,39.941640
116.389001,39.941640|116.397160,39.949799
116.397160,39.941640|116.405319,39.949799
116.389001,39.933481|116.397160,39.941640
116.397160,39.933481|116.405319,39.941640
116.372684,39.925322|116.380842,39.933481
116.380842,39.925322|116.389001,39.933481
116.372684,39.917164|116.380842,39.925322
116.380842,39.917164|116.389001,39.925322
116.389001,39.925322|116.397160,39.933481
116.397160,39.925322|116.405319,39.933481
116.389001,39.917164|116.397160,39.925322
116.397160,39.917164|116.405319,39.925322
116.340048,39.913084|116.344128,39.917164
116.344128,39.913084|116.348207,39.917164
116.340048,39.909005|116.344128,39.913084
116.344128,39.909005|116.348207,39.913084
116.348207,39.913084|116.352287,39.917164
116.352287,39.913084|116.356366,39.917164
116.348207,39.909005|116.352287,39.913084
116.352287,39.911044|116.354326,39.913084
116.354326,39.912064|116.355346,39.913084
116.355346,39.912064|116.356366,39.913084
116.354326,39.911044|116.355346,39.912064
116.355346,39.911044|116.356366,39.912064
116.352287,39.909005|116.354326,39.911044
116.354326,39.909005|116.356366,39.911044
116.340048,39.900846|116.348207,39.909005
116.348207,39.900846|116.356366,39.909005
116.356366,39.909005|116.364525,39.917164
116.364525,39.913084|116.368604,39.917164
116.368604,39.913084|116.372684,39.917164
116.364525,39.909005|116.368604,39.913084
116.368604,39.909005|116.372684,39.913084
116.356366,39.900846|116.364525,39.909005
116.364525,39.900846|116.372684,39.909005
116.340048,39.892687|116.348207,39.900846
116.348207,39.892687|116.356366,39.900846
116.340048,39.888608|116.344128,39.892687
116.344128,39.888608|116.348207,39.892687
116.340048,39.884528|116.344128,39.888608
116.344128,39.884528|116.348207,39.888608
116.348207,39.884528|116.356366,39.892687
116.356366,39.892687|116.364525,39.900846
116.364525,39.892687|116.372684,39.900846
116.356366,39.884528|116.364525,39.892687
116.364525,39.884528|116.372684,39.892687
116.372684,39.913084|116.376763,39.917164
116.376763,39.913084|116.380842,39.917164
116.372684,39.909005|116.376763,39.913084
116.376763,39.909005|116.380842,39.913084
116.380842,39.909005|116.389001,39.917164
116.372684,39.900846|116.380842,39.909005
116.380842,39.900846|116.389001,39.909005
116.389001,39.900846|116.405319,39.917164
116.372684,39.892687|116.380842,39.900846
116.380842,39.892687|116.389001,39.900846
116.372684,39.884528|116.380842,39.892687
116.380842,39.884528|116.389001,39.892687
116.389001,39.896767|116.393081,39.900846
116.393081,39.898806|116.395120,39.900846
116.395120,39.898806|116.397160,39.900846
116.393081,39.896767|116.395120,39.898806
116.395120,39.896767|116.397160,39.898806
116.389001,39.892687|116.393081,39.896767
116.393081,39.892687|116.397160,39.896767
116.397160,39.892687|116.405319,39.900846
116.389001,39.888608|116.393081,39.892687
116.393081,39.888608|116.397160,39.892687
116.389001,39.884528|116.393081,39.888608
116.393081,39.884528|116.397160,39.888608
116.397160,39.884528|116.405319,39.892687
116.405319,39.941640|116.413477,39.949799
116.413477,39.941640|116.421636,39.949799
116.405319,39.933481|116.413477,39.941640
116.413477,39.933481|116.421636,39.941640
116.421636,39.941640|116.429795,39.949799
116.429795,39.941640|116.437954,39.949799
116.421636,39.933481|116.429795,39.941640
116.429795,39.933481|116.437954,39.941640
116.405319,39.925322|116.413477,39.933481
116.413477,39.925322|116.421636,39.933481
116.405319,39.917164|116.413477,39.925322
116.413477,39.917164|116.421636,39.925322
116.421636,39.925322|116.429795,39.933481
116.429795,39.925322|116.437954,39.933481
116.421636,39.917164|116.429795,39.925322
116.429795,39.921243|116.433874,39.925322
116.433874,39.921243|116.437954,39.925322
116.429795,39.917164|116.433874,39.921243
116.433874,39.917164|116.437954,39.921243
116.437954,39.941640|116.446113,39.949799
116.446113,39.941640|116.454271,39.949799
116.437954,39.937561|116.442033,39.941640
116.442033,39.937561|116.446113,39.941640
116.437954,39.933481|116.442033,39.937561
116.442033,39.933481|116.446113,39.937561
116.446113,39.937561|116.450192,39.941640
116.450192,39.937561|116.454271,39.941640
116.446113,39.933481|116.450192,39.937561
116.450192,39.933481|116.454271,39.937561
116.454271,39.941640|116.462430,39.949799
116.462430,39.941640|116.470589,39.949799
116.454271,39.937561|116.458351,39.941640
116.458351,39.937561|116.462430,39.941640
116.454271,39.933481|116.458351,39.937561
116.458351,39.933481|116.462430,39.937561
116.462430,39.933481|116.470589,39.941640
116.437954,39.925322|116.446113,39.933481
116.446113,39.925322|116.454271,39.933481
116.437954,39.921243|116.442033,39.925322
116.442033,39.921243|116.446113,39.925322
116.437954,39.917164|116.442033,39.921243
116.442033,39.917164|116.446113,39.921243
116.446113,39.921243|116.450192,39.925322
116.450192,39.921243|116.454271,39.925322
116.446113,39.917164|116.450192,39.921243
116.450192,39.917164|116.454271,39.921243
116.454271,39.925322|116.462430,39.933481
116.462430,39.925322|116.470589,39.933481
116.454271,39.921243|116.458351,39.925322
116.458351,39.921243|116.462430,39.925322
116.454271,39.917164|116.458351,39.921243
116.458351,39.917164|116.462430,39.921243
116.462430,39.917164|116.470589,39.925322
116.405319,39.913084|116.409398,39.917164
116.409398,39.913084|116.413477,39.917164
116.405319,39.909005|116.409398,39.913084
116.409398,39.909005|116.413477,39.913084
116.413477,39.915124|116.415517,39.917164
116.415517,39.915124|116.417557,39.917164
116.413477,39.913084|116.415517,39.915124
116.415517,39.914104|116.416537,39.915124
116.416537,39.914104|116.417557,39.915124
116.415517,39.913084|116.416537,39.914104
116.416537,39.913084|116.417557,39.914104
116.417557,39.913084|116.421636,39.917164
116.413477,39.909005|116.417557,39.913084
116.417557,39.909005|116.421636,39.913084
116.405319,39.900846|116.413477,39.909005
116.413477,39.904925|116.417557,39.909005
116.417557,39.904925|116.421636,39.909005
116.413477,39.900846|116.417557,39.904925
116.417557,39.900846|116.421636,39.904925
116.421636,39.909005|116.429795,39.917164
116.429795,39.909005|116.437954,39.917164
116.421636,39.900846|116.429795,39.909005
116.429795,39.900846|116.437954,39.909005
116.405319,39.892687|116.413477,39.900846
116.413477,39.892687|116.421636,39.900846
116.405319,39.884528|116.413477,39.892687
116.413477,39.884528|116.421636,39.892687
116.421636,39.892687|116.429795,39.900846
116.429795,39.892687|116.437954,39.900846
116.421636,39.884528|116.429795,39.892687
116.429795,39.884528|116.437954,39.892687
116.437954,39.909005|116.446113,39.917164
116.446113,39.913084|116.450192,39.917164
116.450192,39.913084|116.454271,39.917164
116.446113,39.909005|116.450192,39.913084
116.450192,39.909005|116.454271,39.913084
116.437954,39.900846|116.446113,39.909005
116.446113,39.900846|116.454271,39.909005
116.454271,39.909005|116.462430,39.917164
116.462430,39.909005|116.470589,39.917164
116.454271,39.900846|116.462430,39.909005
116.462430,39.900846|116.470589,39.909005
116.437954,39.892687|116.446113,39.900846
116.446113,39.892687|116.454271,39.900846
116.437954,39.884528|116.446113,39.892687
116.446113,39.884528|116.454271,39.892687
116.454271,39.892687|116.462430,39.900846
116.462430,39.892687|116.470589,39.900846
116.454271,39.884528|116.462430,39.892687
116.462430,39.884528|116.470589,39.892687
116.209508,39.868211|116.225825,39.884528
116.225825,39.868211|116.242143,39.884528
116.209508,39.851893|116.225825,39.868211
116.225825,39.851893|116.242143,39.868211
116.242143,39.868211|116.258460,39.884528
116.258460,39.868211|116.274778,39.884528
116.242143,39.851893|116.258460,39.868211
116.258460,39.851893|116.274778,39.868211
116.209508,39.835576|116.225825,39.851893
116.225825,39.835576|116.242143,39.851893
116.209508,39.819258|116.225825,39.835576
116.225825,39.819258|116.242143,39.835576
116.242143,39.819258|116.274778,39.851893
116.274778,39.876370|116.282937,39.884528
116.282937,39.876370|116.291096,39.884528
116.274778,39.868211|116.282937,39.876370
116.282937,39.868211|116.291096,39.876370
116.291096,39.876370|116.299254,39.884528
116.299254,39.876370|116.307413,39.884528
116.291096,39.868211|116.299254,39.876370
116.299254,39.868211|116.307413,39.876370
116.274778,39.860052|116.282937,39.868211
116.282937,39.860052|116.291096,39.868211
116.274778,39.851893|116.282937,39.860052
116.282937,39.851893|116.291096,39.860052
116.291096,39.860052|116.299254,39.868211
116.299254,39.860052|116.307413,39.868211
116.291096,39.851893|116.299254,39.860052
116.299254,39.851893|116.307413,39.860052
116.307413,39.876370|116.315572,39.884528
116.315572,39.876370|116.323731,39.884528
116.307413,39.868211|116.315572,39.876370
116.315572,39.868211|116.323731,39.876370
116.323731,39.880449|116.327810,39.884528
116.327810,39.880449|116.331890,39.884528
116.323731,39.876370|116.327810,39.880449
116.327810,39.876370|116.331890,39.880449
116.331890,39.876370|116.340048,39.884528
116.323731,39.868211|116.331890,39.876370
116.331890,39.868211|116.340048,39.876370
116.307413,39.851893|116.323731,39.868211
116.323731,39.851893|116.340048,39.868211
116.274778,39.843734|116.282937,39.851893
116.282937,39.843734|116.291096,39.851893
116.274778,39.835576|116.282937,39.843734
116.282937,39.835576|116.291096,39.843734
116.291096,39.843734|116.299254,39.851893
116.299254,39.843734|116.307413,39.851893
116.291096,39.835576|116.299254,39.843734
116.299254,39.835576|116.307413,39.843734
116.274778,39.827417|116.282937,39.835576
116.282937,39.827417|116.291096,39.835576
116.274778,39.819258|116.282937,39.827417
116.282937,39.823337|116.287016,39.827417
116.287016,39.823337|116.291096,39.827417
116.282937,39.819258|116.287016,39.823337
116.287016,39.819258|116.291096,39.823337
116.291096,39.819258|116.307413,39.835576
116.307413,39.843734|116.315572,39.851893
116.315572,39.843734|116.323731,39.851893
116.307413,39.835576|116.315572,39.843734
116.315572,39.835576|116.323731,39.843734
116.323731,39.835576|116.340048,39.851893
116.307413,39.819258|116.323731,39.835576
116.323731,39.831496|116.327810,39.835576
116.327810,39.831496|116.331890,39.835576
116.323731,39.829457|116.325770,39.831496
116.325770,39.829457|116.327810,39.831496
116.323731,39.827417|116.325770,39.829457
116.325770,39.827417|116.327810,39.829457
116.327810,39.827417|116.331890,39.831496
116.331890,39.827417|116.340048,39.835576
116.323731,39.819258|116.331890,39.827417
116.331890,39.819258|116.340048,39.827417
116.209508,39.786623|116.242143,39.819258
116.242143,39.786623|116.274778,39.819258
116.209508,39.770305|116.225825,39.786623
116.225825,39.770305|116.242143,39.786623
116.209508,39.762147|116.217667,39.770305
116.217667,39.762147|116.225825,39.770305
116.209508,39.753988|116.217667,39.762147
116.217667,39.753988|116.225825,39.762147
116.225825,39.753988|116.242143,39.770305
116.242143,39.753988|116.274778,39.786623
116.274778,39.802940|116.291096,39.819258
116.291096,39.802940|116.307413,39.819258
116.274778,39.786623|116.291096,39.802940
116.291096,39.786623|116.307413,39.802940
116.307413,39.802940|116.323731,39.819258
116.323731,39.802940|116.340048,39.819258
116.307413,39.786623|116.323731,39.802940
116.323731,39.786623|116.340048,39.802940
116.274778,39.753988|116.307413,39.786623
116.307413,39.770305|116.323731,39.786623
116.323731,39.778464|116.331890,39.786623
116.331890,39.778464|116.340048,39.786623
116.323731,39.770305|116.331890,39.778464
116.331890,39.770305|116.340048,39.778464
116.307413,39.753988|116.323731,39.770305
116.323731,39.762147|116.331890,39.770305
116.331890,39.762147|116.340048,39.770305
116.323731,39.753988|116.331890,39.762147
116.331890,39.753988|116.340048,39.762147
116.340048,39.876370|116.348207,39.884528
116.348207,39.876370|116.356366,39.884528
116.340048,39.868211|116.348207,39.876370
116.348207,39.868211|116.356366,39.876370
116.356366,39.876370|116.364525,39.884528
116.364525,39.876370|116.372684,39.884528
116.356366,39.868211|116.364525,39.876370
116.364525,39.868211|116.372684,39.876370
116.340048,39.860052|116.348207,39.868211
116.348207,39.860052|116.356366,39.868211
116.340048,39.851893|116.348207,39.860052
116.348207,39.851893|116.356366,39.860052
116.356366,39.860052|116.364525,39.868211
116.364525,39.860052|116.372684,39.868211
116.356366,39.851893|116.364525,39.860052
116.364525,39.851893|116.372684,39.860052
116.372684,39.876370|116.380842,39.884528
116.380842,39.876370|116.389001,39.884528
116.372684,39.868211|116.380842,39.876370
116.380842,39.868211|116.389001,39.876370
116.389001,39.876370|116.397160,39.884528
116.397160,39.876370|116.405319,39.884528
116.389001,39.868211|116.397160,39.876370
116.397160,39.868211|116.405319,39.876370
116.372684,39.860052|116.380842,39.868211
116.380842,39.860052|116.389001,39.868211
116.372684,39.851893|116.380842,39.860052
116.380842,39.851893|116.389001,39.860052
116.389001,39.860052|116.397160,39.868211
116.397160,39.860052|116.405319,39.868211
116.389001,39.851893|116.397160,39.860052
116.397160,39.851893|116.405319,39.860052
116.340048,39.843734|116.348207,39.851893
116.348207,39.843734|116.356366,39.851893
116.340048,39.835576|116.348207,39.843734
116.348207,39.835576|116.356366,39.843734
116.356366,39.843734|116.364525,39.851893
116.364525,39.843734|116.372684,39.851893
116.356366,39.835576|116.364525,39.843734
116.364525,39.835576|116.372684,39.843734
116.340048,39.819258|116.356366,39.835576
116.356366,39.819258|116.372684,39.835576
116.372684,39.843734|116.380842,39.851893
116.380842,39.847814|116.384922,39.851893
116.384922,39.847814|116.389001,39.851893
116.380842,39.843734|116.384922,39.847814
116.384922,39.843734|116.389001,39.847814
116.372684,39.835576|116.380842,39.843734
116.380842,39.835576|116.389001,39.843734
116.389001,39.843734|116.397160,39.851893
116.397160,39.843734|116.405319,39.851893
116.389001,39.835576|116.397160,39.843734
116.397160,39.835576|116.405319,39.843734
116.372684,39.819258|116.389001,39.835576
116.389001,39.819258|116.405319,39.835576
116.405319,39.868211|116.421636,39.884528
116.421636,39.876370|116.429795,39.884528
116.429795,39.876370|116.437954,39.884528
116.421636,39.868211|116.429795,39.876370
116.429795,39.868211|116.437954,39.876370
116.405319,39.860052|116.413477,39.868211
116.413477,39.860052|116.421636,39.868211
116.405319,39.851893|116.413477,39.860052
116.413477,39.851893|116.421636,39.860052
116.421636,39.864131|116.425716,39.868211
116.425716,39.864131|116.429795,39.868211
116.421636,39.860052|116.425716,39.864131
116.425716,39.860052|116.429795,39.864131
116.429795,39.860052|116.437954,39.868211
116.421636,39.851893|116.429795,39.860052
116.429795,39.851893|116.437954,39.860052
116.437954,39.876370|116.446113,39.884528
116.446113,39.876370|116.454271,39.884528
116.437954,39.868211|116.446113,39.876370
116.446113,39.868211|116.454271,39.876370
116.454271,39.876370|116.462430,39.884528
116.462430,39.876370|116.470589,39.884528
116.454271,39.868211|116.462430,39.876370
116.462430,39.868211|116.470589,39.876370
116.437954,39.860052|116.446113,39.868211
116.446113,39.860052|116.454271,39.868211
116.437954,39.851893|116.446113,39.860052
116.446113,39.851893|116.454271,39.860052
116.454271,39.860052|116.462430,39.868211
116.462430,39.860052|116.470589,39.868211
116.454271,39.851893|116.462430,39.860052
116.462430,39.851893|116.470589,39.860052
116.405319,39.843734|116.413477,39.851893
116.413477,39.843734|116.421636,39.851893
116.405319,39.835576|116.413477,39.843734
116.413477,39.835576|116.421636,39.843734
116.421636,39.843734|116.429795,39.851893
116.429795,39.843734|116.437954,39.851893
116.421636,39.835576|116.429795,39.843734
116.429795,39.835576|116.437954,39.843734
116.405319,39.819258|116.421636,39.835576
116.421636,39.819258|116.437954,39.835576
116.437954,39.835576|116.454271,39.851893
116.454271,39.835576|116.470589,39.851893
116.437954,39.819258|116.454271,39.835576
116.454271,39.819258|116.470589,39.835576
116.340048,39.802940|116.356366,39.819258
116.356366,39.802940|116.372684,39.819258
116.340048,39.794782|116.348207,39.802940
116.348207,39.794782|116.356366,39.802940
116.340048,39.786623|116.348207,39.794782
116.348207,39.786623|116.356366,39.794782
116.356366,39.786623|116.372684,39.802940
116.372684,39.802940|116.389001,39.819258
116.389001,39.802940|116.405319,39.819258
116.372684,39.786623|116.389001,39.802940
116.389001,39.786623|116.405319,39.802940
116.340048,39.770305|116.356366,39.786623
116.356366,39.770305|116.372684,39.786623
116.340048,39.762147|116.348207,39.770305
116.348207,39.762147|116.356366,39.770305
116.340048,39.753988|116.348207,39.762147
116.348207,39.753988|116.356366,39.762147
116.356366,39.753988|116.372684,39.770305
116.372684,39.753988|116.405319,39.786623
116.405319,39.802940|116.421636,39.819258
116.421636,39.802940|116.437954,39.819258
116.405319,39.786623|116.421636,39.802940
116.421636,39.786623|116.437954,39.802940
116.437954,39.802940|116.454271,39.819258
116.454271,39.811099|116.462430,39.819258
116.462430,39.811099|116.470589,39.819258
116.454271,39.802940|116.462430,39.811099
116.462430,39.802940|116.470589,39.811099
116.437954,39.786623|116.454271,39.802940
116.454271,39.786623|116.470589,39.802940
116.405319,39.753988|116.437954,39.786623
116.437954,39.753988|116.470589,39.786623
115.948427,39.737670|115.964744,39.753988
115.964744,39.737670|115.981062,39.753988
115.948427,39.721353|115.964744,39.737670
115.964744,39.721353|115.981062,39.737670
115.981062,39.721353|116.013697,39.753988
115.948427,39.688717|115.981062,39.721353
115.981062,39.705035|115.997379,39.721353
115.997379,39.705035|116.013697,39.721353
115.981062,39.696876|115.989220,39.705035
115.989220,39.696876|115.997379,39.705035
115.981062,39.688717|115.989220,39.696876
115.989220,39.688717|115.997379,39.696876
115.997379,39.688717|116.013697,39.705035
116.013697,39.721353|116.046332,39.753988
116.046332,39.721353|116.078967,39.753988
116.013697,39.688717|116.046332,39.721353
116.046332,39.688717|116.078967,39.721353
115.948427,39.623447|116.013697,39.688717
116.013697,39.656082|116.046332,39.688717
116.046332,39.656082|116.078967,39.688717
116.013697,39.623447|116.046332,39.656082
116.046332,39.623447|116.078967,39.656082
116.078967,39.721353|116.111602,39.753988
116.111602,39.737670|116.127920,39.753988
116.127920,39.745829|116.136079,39.753988
116.136079,39.745829|116.144237,39.753988
116.127920,39.737670|116.136079,39.745829
116.136079,39.737670|116.144237,39.745829
116.111602,39.721353|116.127920,39.737670
116.127920,39.729511|116.136079,39.737670
116.136079,39.729511|116.144237,39.737670
116.127920,39.721353|116.136079,39.729511
116.136079,39.721353|116.144237,39.729511
116.078967,39.688717|116.111602,39.721353
116.111602,39.688717|116.144237,39.721353
116.144237,39.737670|116.160555,39.753988
116.160555,39.737670|116.176873,39.753988
116.144237,39.721353|116.160555,39.737670
116.160555,39.721353|116.176873,39.737670
116.176873,39.737670|116.193190,39.753988
116.193190,39.737670|116.209508,39.753988
116.176873,39.721353|116.193190,39.737670
116.193190,39.721353|116.209508,39.737670
116.144237,39.688717|116.176873,39.721353
116.176873,39.688717|116.209508,39.721353
116.078967,39.623447|116.144237,39.688717
116.144237,39.623447|116.209508,39.688717
115.948427,39.558177|116.013697,39.623447
116.013697,39.590812|116.046332,39.623447
116.046332,39.590812|116.078967,39.623447
116.013697,39.558177|116.046332,39.590812
116.046332,39.558177|116.078967,39.590812
116.078967,39.558177|116.144237,39.623447
116.144237,39.558177|116.209508,39.623447
116.209508,39.737670|116.225825,39.753988
116.225825,39.737670|116.242143,39.753988
116.209508,39.721353|116.225825,39.737670
116.225825,39.721353|116.242143,39.737670
116.242143,39.721353|116.274778,39.753988
116.209508,39.688717|116.242143,39.721353
116.242143,39.688717|116.274778,39.721353
116.274778,39.721353|116.307413,39.753988
116.307413,39.737670|116.323731,39.753988
116.323731,39.745829|116.331890,39.753988
116.331890,39.745829|116.340048,39.753988
116.323731,39.737670|116.331890,39.745829
116.331890,39.737670|116.340048,39.745829
116.307413,39.721353|116.323731,39.737670
116.323731,39.729511|116.331890,39.737670
116.331890,39.729511|116.340048,39.737670
116.323731,39.721353|116.331890,39.729511
116.331890,39.721353|116.340048,39.729511
116.274778,39.688717|116.307413,39.721353
116.307413,39.705035|116.323731,39.721353
116.323731,39.705035|116.340048,39.721353
116.307413,39.688717|116.323731,39.705035
116.323731,39.688717|116.340048,39.705035
116.209508,39.623447|116.274778,39.688717
116.274778,39.656082|116.307413,39.688717
116.307413,39.680559|116.315572,39.688717
116.315572,39.684638|116.319651,39.688717
116.319651,39.684638|116.323731,39.688717
116.315572,39.680559|116.319651,39.684638
116.319651,39.680559|116.323731,39.684638
116.307413,39.672400|116.315572,39.680559
116.315572,39.672400|116.323731,39.680559
116.323731,39.672400|116.340048,39.688717
116.307413,39.656082|116.323731,39.672400
116.323731,39.656082|116.340048,39.672400
116.274778,39.623447|116.307413,39.656082
116.307413,39.623447|116.340048,39.656082
116.340048,39.737670|116.356366,39.753988
116.356366,39.737670|116.372684,39.753988
116.340048,39.733591|116.344128,39.737670
116.344128,39.733591|116.348207,39.737670
116.340048,39.729511|116.344128,39.733591
116.344128,39.729511|116.348207,39.733591
116.348207,39.729511|116.356366,39.737670
116.340048,39.721353|116.348207,39.729511
116.348207,39.721353|116.356366,39.729511
116.356366,39.721353|116.372684,39.737670
116.372684,39.721353|116.405319,39.753988
116.340048,39.688717|116.372684,39.721353
116.372684,39.688717|116.405319,39.721353
116.405319,39.721353|116.437954,39.753988
116.437954,39.721353|116.470589,39.753988
116.405319,39.688717|116.437954,39.721353
116.437954,39.688717|116.470589,39.721353
116.340048,39.623447|116.405319,39.688717
116.405319,39.623447|116.470589,39.688717
116.209508,39.558177|116.274778,39.623447
116.274778,39.590812|116.307413,39.623447
116.307413,39.590812|116.340048,39.623447
116.274778,39.558177|116.307413,39.590812
116.307413,39.558177|116.340048,39.590812
116.209508,39.492906|116.274778,39.558177
116.274778,39.525542|116.307413,39.558177
116.307413,39.525542|116.340048,39.558177
116.274778,39.492906|116.307413,39.525542
116.307413,39.492906|116.340048,39.525542
116.340048,39.558177|116.405319,39.623447
116.405319,39.558177|116.470589,39.623447
116.340048,39.492906|116.405319,39.558177
116.405319,39.492906|116.470589,39.558177
116.274778,39.460271|116.307413,39.492906
116.307413,39.460271|116.340048,39.492906
116.323731,39.443954|116.340048,39.460271
116.340048,39.427636|116.405319,39.492906
116.405319,39.427636|116.470589,39.492906
116.470589,39.982434|116.503224,40.015069
116.503224,39.982434|116.535859,40.015069
116.470589,39.974275|116.478748,39.982434
116.478748,39.974275|116.486907,39.982434
116.470589,39.966116|116.478748,39.974275
116.478748,39.966116|116.486907,39.974275
116.486907,39.974275|116.495065,39.982434
116.495065,39.974275|116.503224,39.982434
116.486907,39.966116|116.495065,39.974275
116.495065,39.966116|116.503224,39.974275
116.470589,39.949799|116.486907,39.966116
116.486907,39.957957|116.495065,39.966116
116.495065,39.957957|116.503224,39.966116
116.486907,39.949799|116.495065,39.957957
116.495065,39.949799|116.503224,39.957957
116.503224,39.949799|116.535859,39.982434
116.535859,39.982434|116.568494,40.015069
116.568494,39.982434|116.601130,40.015069
116.535859,39.966116|116.552177,39.982434
116.552177,39.966116|116.568494,39.982434
116.535859,39.949799|116.552177,39.966116
116.552177,39.949799|116.568494,39.966116
116.568494,39.949799|116.601130,39.982434
116.470589,39.945719|116.474668,39.949799
116.474668,39.945719|116.478748,39.949799
116.470589,39.941640|116.474668,39.945719
116.474668,39.941640|116.478748,39.945719
116.478748,39.941640|116.486907,39.949799
116.470589,39.933481|116.478748,39.941640
116.478748,39.933481|116.486907,39.941640
116.486907,39.933481|116.503224,39.949799
116.470589,39.925322|116.478748,39.933481
116.478748,39.925322|116.486907,39.933481
116.470589,39.917164|116.478748,39.925322
116.478748,39.917164|116.486907,39.925322
116.486907,39.925322|116.495065,39.933481
116.495065,39.925322|116.503224,39.933481
116.486907,39.917164|116.495065,39.925322
116.495065,39.917164|116.503224,39.925322
116.503224,39.941640|116.511383,39.949799
116.511383,39.941640|116.519542,39.949799
116.503224,39.933481|116.511383,39.941640
116.511383,39.933481|116.519542,39.941640
116.519542,39.933481|116.535859,39.949799
116.503224,39.925322|116.511383,39.933481
116.511383,39.925322|116.519542,39.933481
116.503224,39.917164|116.511383,39.925322
116.511383,39.917164|116.519542,39.925322
116.519542,39.925322|116.527701,39.933481
116.527701,39.925322|116.535859,39.933481
116.519542,39.917164|116.527701,39.925322
116.527701,39.917164|116.535859,39.925322
116.470589,39.909005|116.478748,39.917164
116.478748,39.909005|116.486907,39.917164
116.470589,39.900846|116.478748,39.909005
116.478748,39.900846|116.486907,39.909005
116.486907,39.909005|116.495065,39.917164
116.495065,39.909005|116.503224,39.917164
116.486907,39.900846|116.495065,39.909005
116.495065,39.900846|116.503224,39.909005
116.470589,39.892687|116.478748,39.900846
116.478748,39.892687|116.486907,39.900846
116.470589,39.884528|116.478748,39.892687
116.478748,39.884528|116.486907,39.892687
116.486907,39.892687|116.495065,39.900846
116.495065,39.892687|116.503224,39.900846
116.486907,39.884528|116.495065,39.892687
116.495065,39.884528|116.503224,39.892687
116.503224,39.900846|116.519542,39.917164
116.519542,39.900846|116.535859,39.917164
116.503224,39.884528|116.519542,39.900846
116.519542,39.884528|116.535859,39.900846
116.535859,39.917164|116.568494,39.949799
116.568494,39.917164|116.601130,39.949799
116.535859,39.909005|116.544018,39.917164
116.544018,39.909005|116.552177,39.917164
116.535859,39.900846|116.544018,39.909005
116.544018,39.900846|116.552177,39.909005
116.552177,39.909005|116.560336,39.917164
116.560336,39.909005|116.568494,39.917164
116.552177,39.900846|116.560336,39.909005
116.560336,39.900846|116.568494,39.909005
116.535859,39.884528|116.552177,39.900846
116.552177,39.884528|116.568494,39.900846
116.568494,39.909005|116.576653,39.917164
116.576653,39.909005|116.584812,39.917164
116.568494,39.900846|116.576653,39.909005
116.576653,39.900846|116.584812,39.909005
116.584812,39.909005|116.592971,39.917164
116.592971,39.909005|116.601130,39.917164
116.584812,39.900846|116.592971,39.909005
116.592971,39.900846|116.601130,39.909005
116.568494,39.884528|116.584812,39.900846
116.584812,39.884528|116.601130,39.900846
116.601130,39.982434|116.633765,40.015069
116.633765,39.982434|116.666400,40.015069
116.601130,39.949799|116.633765,39.982434
116.633765,39.949799|116.666400,39.982434
116.666400,39.982434|116.699035,40.015069
116.699035,39.982434|116.731670,40.015069
116.666400,39.949799|116.699035,39.982434
116.699035,39.966116|116.715353,39.982434
116.715353,39.966116|116.731670,39.982434
116.699035,39.949799|116.715353,39.966116
116.715353,39.949799|116.731670,39.966116
116.601130,39.933481|116.617447,39.949799
116.617447,39.933481|116.633765,39.949799
116.601130,39.925322|116.609288,39.933481
116.609288,39.925322|116.617447,39.933481
116.601130,39.917164|116.609288,39.925322
116.609288,39.917164|116.617447,39.925322
116.617447,39.917164|116.633765,39.933481
116.633765,39.933481|116.650082,39.949799
116.650082,39.933481|116.666400,39.949799
116.633765,39.917164|116.650082,39.933481
116.650082,39.917164|116.666400,39.933481
116.601130,39.900846|116.617447,39.917164
116.617447,39.900846|116.633765,39.917164
116.601130,39.884528|116.617447,39.900846
116.617447,39.884528|116.633765,39.900846
116.633765,39.909005|116.641924,39.917164
116.641924,39.909005|116.650082,39.917164
116.633765,39.904925|116.637844,39.909005
116.637844,39.904925|116.641924,39.909005
116.633765,39.900846|116.637844,39.904925
116.637844,39.900846|116.641924,39.904925
116.641924,39.904925|116.646003,39.909005
116.646003,39.904925|116.650082,39.909005
116.641924,39.900846|116.646003,39.904925
116.646003,39.900846|116.650082,39.904925
116.650082,39.909005|116.658241,39.917164
116.658241,39.909005|116.666400,39.917164
116.650082,39.900846|116.658241,39.909005
116.658241,39.900846|116.666400,39.909005
116.633765,39.892687|116.641924,39.900846
116.641924,39.892687|116.650082,39.900846
116.633765,39.884528|116.641924,39.892687
116.641924,39.884528|116.650082,39.892687
116.650082,39.892687|116.658241,39.900846
116.658241,39.892687|116.666400,39.900846
116.650082,39.884528|116.658241,39.892687
116.658241,39.884528|116.666400,39.892687
116.666400,39.933481|116.682718,39.949799
116.682718,39.933481|116.699035,39.949799
116.666400,39.917164|116.682718,39.933481
116.682718,39.917164|116.699035,39.933481
116.699035,39.933481|116.715353,39.949799
116.715353,39.933481|116.731670,39.949799
116.699035,39.917164|116.715353,39.933481
116.715353,39.917164|116.731670,39.933481
116.666400,39.900846|116.682718,39.917164
116.682718,39.900846|116.699035,39.917164
116.666400,39.892687|116.674559,39.900846
116.674559,39.892687|116.682718,39.900846
116.666400,39.884528|116.674559,39.892687
116.674559,39.884528|116.682718,39.892687
116.682718,39.884528|116.699035,39.900846
116.699035,39.884528|116.731670,39.917164
116.470589,39.876370|116.478748,39.884528
116.478748,39.876370|116.486907,39.884528
116.470589,39.872290|116.474668,39.876370
116.474668,39.872290|116.478748,39.876370
116.470589,39.868211|116.474668,39.872290
116.474668,39.868211|116.478748,39.872290
116.478748,39.868211|116.486907,39.876370
116.486907,39.868211|116.503224,39.884528
116.470589,39.851893|116.486907,39.868211
116.486907,39.851893|116.503224,39.868211
116.503224,39.868211|116.519542,39.884528
116.519542,39.868211|116.535859,39.884528
116.503224,39.860052|116.511383,39.868211
116.511383,39.860052|116.519542,39.868211
116.503224,39.851893|116.511383,39.860052
116.511383,39.851893|116.519542,39.860052
116.519542,39.851893|116.535859,39.868211
116.470589,39.819258|116.503224,39.851893
116.503224,39.819258|116.535859,39.851893
116.535859,39.868211|116.552177,39.884528
116.552177,39.868211|116.568494,39.884528
116.535859,39.851893|116.552177,39.868211
116.552177,39.851893|116.568494,39.868211
116.568494,39.851893|116.601130,39.884528
116.535859,39.819258|116.568494,39.851893
116.568494,39.819258|116.601130,39.851893
116.470589,39.802940|116.486907,39.819258
116.486907,39.811099|116.495065,39.819258
116.495065,39.811099|116.503224,39.819258
116.486907,39.802940|116.495065,39.811099
116.495065,39.802940|116.503224,39.811099
116.470589,39.786623|116.486907,39.802940
116.486907,39.794782|116.495065,39.802940
116.495065,39.794782|116.503224,39.802940
116.486907,39.786623|116.495065,39.794782
116.495065,39.786623|116.503224,39.794782
116.503224,39.802940|116.519542,39.819258
116.519542,39.802940|116.535859,39.819258
116.503224,39.786623|116.519542,39.802940
116.519542,39.786623|116.535859,39.802940
116.470589,39.770305|116.486907,39.786623
116.486907,39.770305|116.503224,39.786623
116.470589,39.753988|116.486907,39.770305
116.486907,39.753988|116.503224,39.770305
116.503224,39.770305|116.519542,39.786623
116.519542,39.770305|116.535859,39.786623
116.503224,39.753988|116.519542,39.770305
116.519542,39.753988|116.535859,39.770305
116.535859,39.802940|116.552177,39.819258
116.552177,39.802940|116.568494,39.819258
116.535859,39.786623|116.552177,39.802940
116.552177,39.786623|116.568494,39.802940
116.568494,39.802940|116.584812,39.819258
116.584812,39.802940|116.601130,39.819258
116.568494,39.786623|116.584812,39.802940
116.584812,39.786623|116.601130,39.802940
116.535859,39.770305|116.552177,39.786623
116.552177,39.770305|116.568494,39.786623
116.535859,39.753988|116.552177,39.770305
116.552177,39.753988|116.568494,39.770305
116.568494,39.753988|116.601130,39.786623
116.601130,39.868211|116.617447,39.884528
116.617447,39.868211|116.633765,39.884528
116.601130,39.851893|116.617447,39.868211
116.617447,39.851893|116.633765,39.868211
116.633765,39.876370|116.641924,39.884528
116.641924,39.876370|116.650082,39.884528
116.633765,39.868211|116.641924,39.876370
116.641924,39.868211|116.650082,39.876370
116.650082,39.868211|116.666400,39.884528
116.633765,39.851893|116.650082,39.868211
116.650082,39.851893|116.666400,39.868211
116.601130,39.819258|116.633765,39.851893
116.633765,39.819258|116.666400,39.851893
116.666400,39.868211|116.682718,39.884528
116.682718,39.868211|116.699035,39.884528
116.666400,39.851893|116.682718,39.868211
116.682718,39.851893|116.699035,39.868211
116.699035,39.851893|116.731670,39.884528
116.666400,39.819258|116.699035,39.851893
116.699035,39.819258|116.731670,39.851893
116.601130,39.753988|116.666400,39.819258
116.666400,39.753988|116.731670,39.819258
116.731670,39.982434|116.764305,40.015069
116.764305,39.982434|116.796941,40.015069
116.731670,39.949799|116.764305,39.982434
116.764305,39.949799|116.780623,39.966116
116.731670,39.917164|116.764305,39.949799
116.764305,39.917164|116.796941,39.949799
116.731670,39.884528|116.764305,39.917164
116.764305,39.884528|116.796941,39.917164
116.796941,39.884528|116.829576,39.917164
116.731670,39.851893|116.764305,39.884528
116.764305,39.851893|116.796941,39.884528
116.731670,39.819258|116.764305,39.851893
116.764305,39.819258|116.796941,39.851893
116.796941,39.819258|116.862211,39.884528
116.731670,39.753988|116.796941,39.819258
116.796941,39.753988|116.862211,39.819258
116.862211,39.819258|116.927481,39.884528
116.927481,39.819258|116.992752,39.884528
116.862211,39.753988|116.927481,39.819258
116.927481,39.786623|116.960116,39.819258
116.927481,39.753988|116.960116,39.786623
116.470589,39.721353|116.503224,39.753988
116.503224,39.721353|116.535859,39.753988
116.470589,39.688717|116.503224,39.721353
116.503224,39.688717|116.535859,39.721353
116.535859,39.737670|116.552177,39.753988
116.552177,39.737670|116.568494,39.753988
116.535859,39.721353|116.552177,39.737670
116.552177,39.721353|116.568494,39.737670
116.568494,39.721353|116.601130,39.753988
116.535859,39.688717|116.568494,39.721353
116.568494,39.688717|116.601130,39.721353
116.470589,39.623447|116.535859,39.688717
116.535859,39.623447|116.601130,39.688717
116.601130,39.688717|116.666400,39.753988
116.666400,39.688717|116.731670,39.753988
116.601130,39.656082|116.633765,39.688717
116.633765,39.656082|116.666400,39.688717
116.601130,39.623447|116.633765,39.656082
116.633765,39.623447|116.666400,39.656082
116.666400,39.623447|116.731670,39.688717
116.470589,39.558177|116.535859,39.623447
116.535859,39.558177|116.601130,39.623447
116.470589,39.492906|116.535859,39.558177
116.601130,39.590812|116.633765,39.623447
116.633765,39.590812|116.666400,39.623447
116.666400,39.590812|116.699035,39.623447
116.699035,39.590812|116.731670,39.623447
116.731670,39.688717|116.796941,39.753988
116.796941,39.688717|116.862211,39.753988
116.731670,39.623447|116.796941,39.688717
116.796941,39.623447|116.862211,39.688717
116.862211,39.721353|116.894846,39.753988
116.894846,39.721353|116.927481,39.753988
116.862211,39.688717|116.894846,39.721353
116.862211,39.623447|116.927481,39.688717
116.731670,39.590812|116.764305,39.623447
116.764305,39.590812|116.796941,39.623447
116.796941,39.558177|116.862211,39.623447
